# Generated by CreateMap
T 0 8 2 8
T 3 7 4 7
T 5 9 7 9
T 6 12 6 12
T 8 10 8 10
T 7 13 8 13
T 9 12 9 12
T 10 10 12 10
T 13 8 15 8
T 15 11 15 11
T 16 7 18 7
T 17 13 17 13
T 19 6 20 6
T 21 7 22 7
T 21 11 21 11
T 23 6 24 6
T 25 5 25 5
T 26 6 26 6
T 27 9 27 9
T 24 13 24 13
T 28 7 31 7
T 32 9 34 9
T 35 7 36 7
T 37 9 38 9
T 39 7 41 7
T 42 10 44 10
T 45 9 45 9
T 46 13 46 13
T 47 10 47 10
T 48 8 48 8
T 49 6 49 6
T 50 7 52 7
T 53 6 55 6
T 56 9 59 9
T 60 6 61 6
T 62 5 62 5
T 63 4 63 4
T 61 12 62 12
T 63 11 63 11
T 20 10 20 10
C 10 10 12 10
C 17 7 17 7
C 28 7 31 7
C 21 7 22 7
C 53 6 55 6
C 56 9 59 9
P 6 9
P 8 13
P 20 10
P 24 6
P 39 7
P 41 7
P 33 9
P 50 7
P 62 12
P 60 6
P 0 8
P 1 8
P 2 8
P 35 7
P 36 7
P 44 10
P 52 7
