# Generated by CreateMap
T 0 7 4 7
T 7 10 7 10
T 8 9 8 9
T 5 7 5 7
T 9 13 9 13
T 10 9 28 9
T 14 12 15 12
T 17 15 18 15
T 19 13 19 13
T 22 14 22 14
T 21 12 21 12
T 25 14 25 14
T 26 12 28 12
T 29 8 33 8
T 34 6 35 6
T 36 10 36 10
T 37 9 37 9
T 38 13 38 13
T 39 12 39 12
T 40 10 42 10
T 42 14 42 14
T 43 8 46 8
T 47 6 50 6
T 51 9 54 9
T 49 11 49 11
T 46 13 46 13
T 52 14 52 14
T 55 8 56 8
T 57 7 57 7
T 58 6 58 6
T 61 3 61 3
T 62 4 63 4
T 62 9 62 9
T 63 8 63 8
T 56 13 56 13
T 55 13 55 13
T 59 5 60 5
T 60 10 61 10
C 47 6 50 6
C 51 9 54 9
C 10 9 15 9
C 16 9 22 9
C 23 9 28 9
C 29 8 33 8
P 43 8
P 46 8
P 61 3
P 55 13
P 34 6
P 35 6
P 26 12
P 27 12
D 9 14
D 60 6
D 38 14
D 21 13
PP 8 10
PP 58 7
PP 37 10
PP 19 14
